Symbol: XAUUSDT
Current Price: 5235.7
24h Range: 134.17000000000007
Sample data:
               ts     open     high      low    close    volume             ct              qv     tr       tbb             tbq ig
19  1771866000000  5212.36  5215.43  5193.68  5208.59  9298.593  1771869599999  48407025.60815  28105  4344.920  22619765.52326  0
20  1771869600000  5208.59  5217.38  5203.71  5212.29  4916.690  1771873199999  25621582.09572  16168  2433.476  12681223.53175  0
21  1771873200000  5212.28  5219.40  5209.16  5215.75  3339.792  1771876799999  17415370.57693  12046  1540.576   8033152.98713  0
22  1771876800000  5215.75  5239.24  5215.75  5238.03  5640.925  1771880399999  29492762.40604  15781  3301.570  17261715.94391  0
23  1771880400000  5238.02  5239.32  5234.08  5235.70   889.922  1771883999999   4660104.31716   2369   372.664   1951458.33658  0
